{ 
   "Populations": {
      "All": {
         "Results": [
            { "t": 0.000000, "S": 9.868320000000000e-01, "I": 1.293800000000000e-02, "R": 2.300000000000000e-04 }, 
            { "t": 0.100000, "S": 9.827463576268800e-01, "I": 1.672606837312000e-02, "R": 5.275740000000001e-04 }, 
            { "t": 0.200000, "S": 9.774863631401274e-01, "I": 2.160136328729083e-02, "R": 9.122735725817601e-04 }, 
            { "t": 0.300000, "S": 9.707295509677873e-01, "I": 2.786134410402317e-02, "R": 1.409104928189449e-03 }, 
            { "t": 0.400000, "S": 9.620748853513210e-01, "I": 3.587519880609701e-02, "R": 2.049915842581982e-03 }, 
            { "t": 0.500000, "S": 9.510302044622550e-01, "I": 4.609475012262290e-02, "R": 2.875045415122214e-03 }, 
            { "t": 0.600000, "S": 9.370022045794535e-01, "I": 5.906257075260404e-02, "R": 3.935224667942540e-03 }, 
            { "t": 0.700000, "S": 9.192928416983911e-01, "I": 7.541349450635654e-02, "R": 5.293663795252433e-03 }, 
            { "t": 0.800000, "S": 8.971081742849016e-01, "I": 9.586365154619977e-02, "R": 7.028174168898634e-03 }, 
            { "t": 0.900000, "S": 8.695881533508552e-01, "I": 1.211788084946837e-01, "R": 9.233038154461230e-03 }, 
            { "t": 1.000000, "S": 8.358679433335275e-01, "I": 1.521119059166336e-01, "R": 1.202015074983895e-02 }, 
            { "t": 1.100000, "S": 7.951813942279021e-01, "I": 1.892998811861765e-01, "R": 1.551872458592153e-02 }, 
            { "t": 1.200000, "S": 7.470125163242861e-01, "I": 2.331148618225104e-01, "R": 1.987262185320358e-02 }, 
            { "t": 1.300000, "S": 6.912878060770471e-01, "I": 2.834779302478316e-01, "R": 2.523426367512132e-02 }, 
            { "t": 1.400000, "S": 6.285790584059157e-01, "I": 3.396666855232630e-01, "R": 3.175425607082145e-02 }, 
            { "t": 1.500000, "S": 5.602567014913330e-01, "I": 4.001767086708106e-01, "R": 3.956658983785651e-02 }, 
            { "t": 1.600000, "S": 4.885121629909917e-01, "I": 4.627171828717233e-01, "R": 4.877065413728515e-02 }, 
            { "t": 1.700000, "S": 4.161784119965073e-01, "I": 5.244084386601581e-01, "R": 5.941314934333479e-02 }, 
            { "t": 1.800000, "S": 3.463392211999785e-01, "I": 5.821862353675032e-01, "R": 7.147454343251843e-02 }, 
            { "t": 1.900000, "S": 2.818163644478094e-01, "I": 6.333188087062198e-01, "R": 8.486482684597100e-02 }, 
            { "t": 2.000000, "S": 2.247028911018879e-01, "I": 6.758659494518982e-01, "R": 9.943115944621406e-02 }, 
            { "t": 2.100000, "S": 1.761048005933555e-01, "I": 7.089191231230370e-01, "R": 1.149760762836077e-01 }, 
            { "t": 2.200000, "S": 1.361547011327478e-01, "I": 7.325640827518147e-01, "R": 1.312812161154376e-01 }, 
            { "t": 2.300000, "S": 1.042372471334970e-01, "I": 7.476325628477738e-01, "R": 1.481301900187293e-01 }, 
            { "t": 2.400000, "S": 7.929927586354078e-02, "I": 7.553749851722312e-01, "R": 1.653257389642281e-01 }, 
            { "t": 2.500000, "S": 6.013105527807173e-02, "I": 7.571695810987390e-01, "R": 1.826993636231895e-01 }, 
            { "t": 2.600000, "S": 4.556164537857647e-02, "I": 7.543240906329632e-01, "R": 2.001142639884604e-01 }, 
            { "t": 2.700000, "S": 3.456380642883686e-02, "I": 7.479724754981447e-01, "R": 2.174637180730186e-01 }, 
            { "t": 2.800000, "S": 2.629091815452781e-02, "I": 7.390419968359965e-01, "R": 2.346670850094759e-01 }, 
            { "t": 2.900000, "S": 2.007328850602413e-02, "I": 7.282616605572723e-01, "R": 2.516650509367038e-01 }, 
            { "t": 3.000000, "S": 1.539533445154658e-02, "I": 7.161895964189325e-01, "R": 2.684150691295211e-01 }, 
            { "t": 3.100000, "S": 1.186702137391854e-02, "I": 7.032455487789251e-01, "R": 2.848874298471565e-01 }, 
            { "t": 3.200000, "S": 9.196483787207313e-03, "I": 6.897414387437211e-01, "R": 3.010620774690718e-01 }, 
            { "t": 3.300000, "S": 7.166661080400377e-03, "I": 6.759072083594224e-01, "R": 3.169261305601774e-01 }, 
            { "t": 3.400000, "S": 5.616581757484683e-03, "I": 6.619114218900713e-01, "R": 3.324719963524441e-01 }, 
            { "t": 3.500000, "S": 4.426924279961956e-03, "I": 6.478771166641224e-01, "R": 3.476959590559157e-01 }, 
            { "t": 3.600000, "S": 3.509131339740468e-03, "I": 6.338937359210691e-01, "R": 3.625971327391905e-01 }, 
            { "t": 3.700000, "S": 2.797318099809015e-03, "I": 6.200259932348160e-01, "R": 3.771766886653751e-01 }, 
            { "t": 3.800000, "S": 2.242306921176115e-03, "I": 6.063204065690482e-01, "R": 3.914372865097759e-01 }, 
            { "t": 3.900000, "S": 1.807248859064085e-03, "I": 5.928100952800721e-01, "R": 4.053826558608640e-01 }, 
            { "t": 4.000000, "S": 1.464415141196379e-03, "I": 5.795182968064981e-01, "R": 4.190172880523057e-01 }, 
            { "t": 4.100000, "S": 1.192845423294372e-03, "I": 5.664609456978507e-01, "R": 4.323462088788551e-01 }, 
            { "t": 4.200000, "S": 9.766213123981531e-04, "I": 5.536485680576964e-01, "R": 4.453748106299057e-01 }, 
            { "t": 4.300000, "S": 8.035957152321161e-04, "I": 5.410876765895354e-01, "R": 4.581087276952327e-01 }, 
            { "t": 4.400000, "S": 6.644546789209956e-04, "I": 5.287818010642872e-01, "R": 4.705537442567920e-01 }, 
            { "t": 4.500000, "S": 5.520221855304558e-04, "I": 5.167322521331991e-01, "R": 4.827157256812706e-01 }, 
            { "t": 4.600000, "S": 4.607429320403300e-04, "I": 5.049386895876256e-01, "R": 4.946005674803342e-01 }, 
            { "t": 4.700000, "S": 3.862959136911445e-04, "I": 4.933995467454593e-01, "R": 5.062141573408496e-01 }, 
            { "t": 4.800000, "S": 3.253044804991977e-04, "I": 4.821123486035057e-01, "R": 5.175623469159952e-01 }, 
            { "t": 4.900000, "S": 2.751178222256900e-04, "I": 4.710739512438986e-01, "R": 5.286509309338758e-01 }, 
            { "t": 5.000000, "S": 2.336455535621789e-04, "I": 4.602807226339525e-01, "R": 5.394856318124855e-01 }, 
            { "t": 5.100000, "S": 1.992319394073598e-04, "I": 4.497286796275264e-01, "R": 5.500720884330664e-01 }, 
            { "t": 5.200000, "S": 1.705598379515828e-04, "I": 4.394135920975490e-01, "R": 5.604158480644995e-01 }, 
            { "t": 5.300000, "S": 1.465770184117809e-04, "I": 4.293310622988452e-01, "R": 5.705223606827431e-01 }, 
            { "t": 5.400000, "S": 1.264393969643162e-04, "I": 4.194765854874192e-01, "R": 5.803969751156165e-01 }, 
            { "t": 5.500000, "S": 1.094671196812186e-04, "I": 4.098455962984917e-01, "R": 5.900449365818271e-01 }, 
            { "t": 5.600000, "S": 9.511044226015388e-05, "I": 4.004335042610475e-01, "R": 5.994713852966924e-01 }, 
            { "t": 5.700000, "S": 8.292311180061742e-05, "I": 3.912357209935029e-01, "R": 6.086813558946965e-01 }, 
            { "t": 5.800000, "S": 7.254151710226881e-05, "I": 3.822476810053507e-01, "R": 6.176797774775471e-01 }, 
            { "t": 5.900000, "S": 6.366829256180409e-05, "I": 3.734648575667681e-01, "R": 6.264714741406702e-01 }, 
            { "t": 6.000000, "S": 5.605937422160778e-05, "I": 3.648827747610726e-01, "R": 6.350611658647058e-01 }, 
            { "t": 6.100000, "S": 4.951374221605591e-05, "I": 3.564970165735735e-01, "R": 6.434534696842105e-01 }, 
            { "t": 6.200000, "S": 4.386526177464249e-05, "I": 3.483032336728227e-01, "R": 6.516529010654026e-01 }, 
            { "t": 6.300000, "S": 3.897616976759838e-05, "I": 3.402971483903549e-01, "R": 6.596638754398776e-01 }, 
            { "t": 6.400000, "S": 3.473185635092891e-05, "I": 3.324745582907934e-01, "R": 6.674907098528557e-01 }, 
            { "t": 6.500000, "S": 3.103666959928271e-05, "I": 3.248313386368568e-01, "R": 6.751376246935440e-01 }, 
            { "t": 6.600000, "S": 2.781053106079796e-05, "I": 3.173634439867475e-01, "R": 6.826087454821917e-01 }, 
            { "t": 6.700000, "S": 2.498619636750028e-05, "I": 3.100669091097457e-01, "R": 6.899081046938870e-01 }, 
            { "t": 6.800000, "S": 2.250703071051469e-05, "I": 3.029378493658785e-01, "R": 6.970396436034111e-01 }, 
            { "t": 6.900000, "S": 2.032519663721705e-05, "I": 2.959724606645366e-01, "R": 7.040072141388263e-01 }, 
            { "t": 7.000000, "S": 1.840017312931059e-05, "I": 2.891670190927602e-01, "R": 7.108145807341106e-01 }, 
            { "t": 7.100000, "S": 1.669754170064069e-05, "I": 2.825178802850554e-01, "R": 7.174654221732442e-01 }, 
            { "t": 7.200000, "S": 1.518798839272506e-05, "I": 2.760214785918070e-01, "R": 7.239633334198005e-01 }, 
            { "t": 7.300000, "S": 1.384648086856661e-05, "I": 2.696743260917197e-01, "R": 7.303118274274121e-01 }, 
            { "t": 7.400000, "S": 1.265158794153538e-05, "I": 2.634730114845371e-01, "R": 7.365143369275217e-01 }, 
            { "t": 7.500000, "S": 1.158491530952969e-05, "I": 2.574141988930248e-01, "R": 7.425742161916660e-01 }, 
            { "t": 7.600000, "S": 1.063063636756293e-05, "I": 2.514946265974272e-01, "R": 7.484947427662055e-01 }, 
            { "t": 7.700000, "S": 9.775101031961882e-06, "I": 2.457111057210220e-01, "R": 7.542791191779463e-01 }, 
            { "t": 7.800000, "S": 9.006508749370504e-06, "I": 2.400605188817210e-01, "R": 7.599304746095298e-01 }, 
            { "t": 7.900000, "S": 8.314634456990778e-06, "I": 2.345398188217338e-01, "R": 7.654518665438094e-01 }, 
            { "t": 8.000000, "S": 7.690598342075077e-06, "I": 2.291460270249489e-01, "R": 7.708462823767093e-01 }, 
            { "t": 8.100000, "S": 7.126671924305106e-06, "I": 2.238762323297928e-01, "R": 7.761166409982831e-01 }, 
            { "t": 8.200000, "S": 6.616114337276644e-06, "I": 2.187275895437946e-01, "R": 7.812657943418684e-01 }, 
            { "t": 8.300000, "S": 6.153033780112273e-06, "I": 2.136973180648445e-01, "R": 7.862965289013757e-01 }, 
            { "t": 8.400000, "S": 5.732269998745109e-06, "I": 2.087827005131345e-01, "R": 7.912115672168671e-01 }, 
            { "t": 8.500000, "S": 5.349294379414413e-06, "I": 2.039810813769517e-01, "R": 7.960135693286692e-01 }, 
            { "t": 8.600000, "S": 5.000124826737101e-06, "I": 1.992898656748345e-01, "R": 8.007051342003391e-01 }, 
            { "t": 8.700000, "S": 4.681253081112191e-06, "I": 1.947065176360589e-01, "R": 8.052888011108602e-01 }, 
            { "t": 8.800000, "S": 4.389582525721334e-06, "I": 1.902285594009849e-01, "R": 8.097670510164896e-01 }, 
            { "t": 8.900000, "S": 4.122374858444629e-06, "I": 1.858535697424296e-01, "R": 8.141423078827122e-01 }, 
            { "t": 9.000000, "S": 3.877204271801948e-06, "I": 1.815791828089403e-01, "R": 8.184169399867881e-01 }, 
            { "t": 9.100000, "S": 3.651918005159666e-06, "I": 1.774030868906013e-01, "R": 8.225932611913938e-01 }, 
            { "t": 9.200000, "S": 3.444602316459925e-06, "I": 1.733230232078062e-01, "R": 8.266735321898776e-01 }, 
            { "t": 9.300000, "S": 3.253553072543942e-06, "I": 1.693367847232706e-01, "R": 8.306599617236572e-01 }, 
            { "t": 9.400000, "S": 3.077250283349987e-06, "I": 1.654422149774245e-01, "R": 8.345547077722925e-01 }, 
            { "t": 9.500000, "S": 2.914336010416441e-06, "I": 1.616372069472167e-01, "R": 8.383598787167732e-01 }, 
            { "t": 9.600000, "S": 2.763595167911031e-06, "I": 1.579197019282732e-01, "R": 8.420775344765592e-01 }, 
            { "t": 9.700000, "S": 2.623938807857614e-06, "I": 1.542876884402830e-01, "R": 8.457096876209095e-01 }, 
            { "t": 9.800000, "S": 2.494389542810222e-06, "I": 1.507392011554216e-01, "R": 8.492583044550360e-01 }, 
            { "t": 9.900000, "S": 2.374068810953054e-06, "I": 1.472723198495787e-01, "R": 8.527253060816107e-01 }, 
            { "t": 10.000000, "S": 2.262185732146146e-06, "I": 1.438851683761172e-01, "R": 8.561125694381510e-01 }, 
            { "t": 10.100000, "S": 2.158027340156418e-06, "I": 1.405759136618585e-01, "R": 8.594219283108017e-01 }, 
            { "t": 10.200000, "S": 2.060950007340495e-06, "I": 1.373427647249686e-01, "R": 8.626551743250244e-01 }, 
            { "t": 10.300000, "S": 1.970371904310707e-06, "I": 1.341839717143973e-01, "R": 8.658140579136987e-01 }, 
            { "t": 10.400000, "S": 1.885766359390748e-06, "I": 1.310978249705111e-01, "R": 8.689002892631298e-01 }, 
            { "t": 10.500000, "S": 1.806656001592769e-06, "I": 1.280826541065472e-01, "R": 8.719155392374516e-01 }, 
            { "t": 10.600000, "S": 1.732607586955481e-06, "I": 1.251368271105112e-01, "R": 8.748614402819022e-01 }, 
            { "t": 10.700000, "S": 1.663227421816535e-06, "I": 1.222587494671346e-01, "R": 8.777395873054439e-01 }, 
            { "t": 10.800000, "S": 1.598157308321899e-06, "I": 1.194468632995040e-01, "R": 8.805515385431880e-01 }, 
            { "t": 10.900000, "S": 1.537070947509666e-06, "I": 1.166996465299762e-01, "R": 8.832988163990766e-01 }, 
            { "t": 11.000000, "S": 1.479670743904586e-06, "I": 1.140156120599903e-01, "R": 8.859829082692661e-01 }, 
            { "t": 11.100000, "S": 1.425684962940253e-06, "I": 1.113933069683915e-01, "R": 8.886052673466458e-01 }, 
            { "t": 11.200000, "S": 1.374865198870805e-06, "I": 1.088313117278826e-01, "R": 8.911673134069188e-01 }, 
            { "t": 11.300000, "S": 1.326984116297325e-06, "I": 1.063282394392239e-01, "R": 8.936704335766601e-01 }, 
            { "t": 11.400000, "S": 1.281833433145418e-06, "I": 1.038827350828049e-01, "R": 8.961159830837623e-01 }, 
            { "t": 11.500000, "S": 1.239222116999585e-06, "I": 1.014934747872165e-01, "R": 8.985052859906668e-01 }, 
            { "t": 11.600000, "S": 1.198974770219599e-06, "I": 9.915916511445730e-02, "R": 9.008396359107728e-01 }, 
            { "t": 11.700000, "S": 1.160930182312951e-06, "I": 9.687854236141269e-02, "R": 9.031202967084053e-01 }, 
            { "t": 11.800000, "S": 1.124940030682280e-06, "I": 9.465037187725182e-02, "R": 9.053485031827179e-01 }, 
            { "t": 11.900000, "S": 1.090867713164301e-06, "I": 9.247344739639254e-02, "R": 9.075254617358947e-01 }, 
            { "t": 12.000000, "S": 1.058587297775590e-06, "I": 9.034659038669090e-02, "R": 9.096523510260117e-01 }, 
            { "t": 12.100000, "S": 1.027982576821771e-06, "I": 8.826864941251797e-02, "R": 9.117303226049056e-01 }, 
            { "t": 12.200000, "S": 9.989462140455600e-07, "I": 8.623849951239283e-02, "R": 9.137605015413935e-01 }, 
            { "t": 12.300000, "S": 9.713789748158400e-07, "I": 8.425504159084703e-02, "R": 9.157439870301786e-01 }, 
            { "t": 12.400000, "S": 9.451890305202935e-07, "I": 8.231720182420184e-02, "R": 9.176818529867681e-01 }, 
            { "t": 12.500000, "S": 9.202913293403380e-07, "I": 8.042393107994637e-02, "R": 9.195751486287247e-01 }, 
            { "t": 12.600000, "S": 8.966070264781493e-07, "I": 7.857420434941047e-02, "R": 9.214248990435635e-01 }, 
            { "t": 12.700000, "S": 8.740629676878737e-07, "I": 7.676702019343282e-02, "R": 9.232321057435999e-01 }, 
            { "t": 12.800000, "S": 8.525912206508091e-07, "I": 7.500140020073090e-02, "R": 9.249977472080488e-01 }, 
            { "t": 12.900000, "S": 8.321286493395576e-07, "I": 7.327638845868541e-02, "R": 9.267227794126657e-01 }, 
            { "t": 13.000000, "S": 8.126165270494435e-07, "I": 7.159105103625793e-02, "R": 9.284081363472154e-01 }, 
            { "t": 13.100000, "S": 7.940001842459544e-07, "I": 6.994447547876680e-02, "R": 9.300547305210494e-01 }, 
            { "t": 13.200000, "S": 7.762286877924736e-07, "I": 6.833577031425161e-02, "R": 9.316634534570610e-01 }, 
            { "t": 13.300000, "S": 7.592545484899713e-07, "I": 6.676406457116313e-02, "R": 9.332351761742889e-01 }, 
            { "t": 13.400000, "S": 7.430334541855445e-07, "I": 6.522850730712068e-02, "R": 9.347707496594256e-01 }, 
            { "t": 13.500000, "S": 7.275240259948959e-07, "I": 6.372826714848509e-02, "R": 9.362710053274894e-01 }, 
            { "t": 13.600000, "S": 7.126875954395218e-07, "I": 6.226253184050049e-02, "R": 9.377367554719046e-01 }, 
            { "t": 13.700000, "S": 6.984880005264392e-07, "I": 6.083050780776390e-02, "R": 9.391687937042361e-01 }, 
            { "t": 13.800000, "S": 6.848913990001503e-07, "I": 5.943141972478686e-02, "R": 9.405678953838147e-01 }, 
            { "t": 13.900000, "S": 6.718660971761905e-07, "I": 5.806451009641858e-02, "R": 9.419348180374848e-01 }, 
            { "t": 14.000000, "S": 6.593