
Population: All

 Time   Susceptible      Infected     Recovered
-----------------------------------------------
 0.00      0.986832      0.012938      0.000230
 0.10      0.982746      0.016726      0.000528
 0.20      0.977486      0.021601      0.000912
 0.30      0.970730      0.027861      0.001409
 0.40      0.962075      0.035875      0.002050
 0.50      0.951030      0.046095      0.002875
 0.60      0.937002      0.059063      0.003935
 0.70      0.919293      0.075413      0.005294
 0.80      0.897108      0.095864      0.007028
 0.90      0.869588      0.121179      0.009233
 1.00      0.835868      0.152112      0.012020
 1.10      0.795181      0.189300      0.015519
 1.20      0.747013      0.233115      0.019873
 1.30      0.691288      0.283478      0.025234
 1.40      0.628579      0.339667      0.031754
 1.50      0.560257      0.400177      0.039567
 1.60      0.488512      0.462717      0.048771
 1.70      0.416178      0.524408      0.059413
 1.80      0.346339      0.582186      0.071475
 1.90      0.281816      0.633319      0.084865
 2.00      0.224703      0.675866      0.099431
 2.10      0.176105      0.708919      0.114976
 2.20      0.136155      0.732564      0.131281
 2.30      0.104237      0.747633      0.148130
 2.40      0.079299      0.755375      0.165326
 2.50      0.060131      0.757170      0.182699
 2.60      0.045562      0.754324      0.200114
 2.70      0.034564      0.747972      0.217464
 2.80      0.026291      0.739042      0.234667
 2.90      0.020073      0.728262      0.251665
 3.00      0.015395      0.716190      0.268415
 3.10      0.011867      0.703246      0.284887
 3.20      0.009196      0.689741      0.301062
 3.30      0.007167      0.675907      0.316926
 3.40      0.005617      0.661911      0.332472
 3.50      0.004427      0.647877      0.347696
 3.60      0.003509      0.633894      0.362597
 3.70      0.002797      0.620026      0.377177
 3.80      0.002242      0.606320      0.391437
 3.90      0.001807      0.592810      0.405383
 4.00      0.001464      0.579518      0.419017
 4.10      0.001193      0.566461      0.432346
 4.20      0.000977      0.553649      0.445375
 4.30      0.000804      0.541088      0.458109
 4.40      0.000664      0.528782      0.470554
 4.50      0.000552      0.516732      0.482716
 4.60      0.000461      0.504939      0.494601
 4.70      0.000386      0.493400      0.506214
 4.80      0.000325      0.482112      0.517562
 4.90      0.000275      0.471074      0.528651
 5.00      0.000234      0.460281      0.539486
 5.10      0.000199      0.449729      0.550072
 5.20      0.000171      0.439414      0.560416
 5.30      0.000147      0.429331      0.570522
 5.40      0.000126      0.419477      0.580397
 5.50      0.000109      0.409846      0.590045
 5.60      0.000095      0.400434      0.599471
 5.70      0.000083      0.391236      0.608681
 5.80      0.000073      0.382248      0.617680
 5.90      0.000064      0.373465      0.626471
 6.00      0.000056      0.364883      0.635061
 6.10      0.000050      0.356497      0.643453
 6.20      0.000044      0.348303      0.651653
 6.30      0.000039      0.340297      0.659664
 6.40      0.000035      0.332475      0.667491
 6.50      0.000031      0.324831      0.675138
 6.60      0.000028      0.317363      0.682609
 6.70      0.000025      0.310067      0.689908
 6.80      0.000023      0.302938      0.697040
 6.90      0.000020      0.295972      0.704007
 7.00      0.000018      0.289167      0.710815
 7.10      0.000017      0.282518      0.717465
 7.20      0.000015      0.276021      0.723963
 7.30      0.000014      0.269674      0.730312
 7.40      0.000013      0.263473      0.736514
 7.50      0.000012      0.257414      0.742574
 7.60      0.000011      0.251495      0.748495
 7.70      0.000010      0.245711      0.754279
 7.80      0.000009      0.240061      0.759930
 7.90      0.000008      0.234540      0.765452
 8.00      0.000008      0.229146      0.770846
 8.10      0.000007      0.223876      0.776117
 8.20      0.000007      0.218728      0.781266
 8.30      0.000006      0.213697      0.786297
 8.40      0.000006      0.208783      0.791212
 8.50      0.000005      0.203981      0.796014
 8.60      0.000005      0.199290      0.800705
 8.70      0.000005      0.194707      0.805289
 8.80      0.000004      0.190229      0.809767
 8.90      0.000004      0.185854      0.814142
 9.00      0.000004      0.181579      0.818417
 9.10      0.000004      0.177403      0.822593
 9.20      0.000003      0.173323      0.826674
 9.30      0.000003      0.169337      0.830660
 9.40      0.000003      0.165442      0.834555
 9.50      0.000003      0.161637      0.838360
 9.60      0.000003      0.157920      0.842078
 9.70      0.000003      0.154288      0.845710
 9.80      0.000002      0.150739      0.849258
 9.90      0.000002      0.147272      0.852725
10.00      0.000002      0.143885      0.856113
10.10      0.000002      0.140576      0.859422
10.20      0.000002      0.137343      0.862655
10.30      0.000002      0.134184      0.865814
10.40      0.000002      0.131098      0.868900
10.50      0.000002      0.128083      0.871916
10.60      0.000002      0.125137      0.874861
10.70      0.000002      0.122259      0.877740
10.80      0.000002      0.119447      0.880552
10.90      0.000002      0.116700      0.883299
11.00      0.000001      0.114016      0.885983
11.10      0.000001      0.111393      0.888605
11.20      0.000001      0.108831      0.891167
11.30      0.000001      0.106328      0.893670
11.40      0.000001      0.103883      0.896116
11.50      0.000001      0.101493      0.898505
11.60      0.000001      0.099159      0.900840
11.70      0.000001      0.096879      0.903120
11.80      0.000001      0.094650      0.905349
11.90      0.000001      0.092473      0.907525
12.00      0.000001      0.090347      0.909652
12.10      0.000001      0.088269      0.911730
12.20      0.000001      0.086238      0.913761
12.30      0.000001      0.084255      0.915744
12.40      0.000001      0.082317      0.917682
12.50      0.000001      0.080424      0.919575
12.60      0.000001      0.078574      0.921425
12.70      0.000001      0.076767      0.923232
12.80      0.000001      0.075001      0.924998
12.90      0.000001      0.073276      0.926723
13.00      0.000001      0.071591      0.928408
13.10      0.000001      0.069944      0.930055
13.20      0.000001      0.068336      0.931663
13.30      0.000001      0.066764      0.933235
13.40      0.000001      0.065229      0.934771
13.50      0.000001      0.063728      0.936271
13.60      0.000001      0.062263      0.937737
13.70      0.000001      0.060831      0.939169
13.80      0.000001      0.059431      0.940568
13.90      0.000001      0.058065      0.941935
14.00      0.000001      0.056729      0.943270
14.10      0.000001      0.055424      0.944575
14.20      0.000001      0.054150      0.945850
14.30      0.000001      0.052904      0.947095
14.40      0.000001      0.051687      0.948312
14.50      0.000001      0.050499      0.949501
14.60      0.000001      0.049337      0.950662
14.70      0.000001      0.048202      0.951797
14.80      0.000001      0.047094      0.952906
14.90      0.000001      0.046011      0.953989
15.00      0.000001      0.044952      0.955047
15.10      0.000001      0.043918      0.956081
15.20      0.000001      0.042908      0.957091
15.30      0.000001      0.041921      0.958078
15.40      0.000001      0.040957      0.959042
15.50      0.000001      0.040015      0.959984
15.60      0.000001      0.039095      0.960905
15.70      0.000001      0.038196      0.961804
15.80      0.000001      0.037317      0.962682
15.90      0.000000      0.036459      0.963541
16.00      0.000000      0.035620      0.964379
16.10      0.000000      0.034801      0.965198
16.20      0.000000      0.034001      0.965999
16.30      0.000000      0.033219      0.966781
16.40      0.000000      0.032455      0.967545
16.50      0.000000      0.031708      0.968291
16.60      0.000000      0.030979      0.969021
16.70      0.000000      0.030266      0.969733
16.80      0.000000      0.029570      0.970429
16.90      0.000000      0.028890      0.971109
17.00      0.000000      0.028226      0.971774
17.10      0.000000      0.027577      0.972423
17.20      0.000000      0.026942      0.973057
17.30      0.000000      0.026323      0.973677
17.40      0.000000      0.025717      0.974282
17.50      0.000000      0.025126      0.974874
17.60      0.000000      0.024548      0.975452
17.70      0.000000      0.023983      0.976016
17.80      0.000000      0.023432      0.976568
17.90      0.000000      0.022893      0.977107
18.00      0.000000      0.022366      0.977633
18.10      0.000000      0.021852      0.978148
18.20      0.000000      0.021349      0.978650
18.30      0.000000      0.020858      0.979142
18.40      0.000000      0.020378      0.979621
18.50      0.000000      0.019910      0.980090
18.60      0.000000      0.019452      0.980548
18.70      0.000000      0.019004      0.980995
18.80      0.000000      0.018567      0.981432
18.90      0.000000      0.018140      0.981859
19.00      0.000000      0.017723      0.982277
19.10      0.000000      0.017315      0.982684
19.20      0.000000      0.016917      0.983083
19.30      0.000000      0.016528      0.983472
19.40      0.000000      0.016148      0.983852
19.50      0.000000      0.015776      0.984223
19.60      0.000000      0.015414      0.984586
19.70      0.000000      0.015059      0.984941
19.80      0.000000      0.014713      0.985287
19.90      0.000000      0.014374      0.985625
